2.148231 -4.429352 
-2.832833 -2.662434 
0.923365 -3.517343 
-1.200090 3.989032 
5.073377 1.807356 
5.036181 -0.998216 
-3.191922 -4.575779 
3.474235 2.538598 
1.144661 -4.094290 
2.563717 -3.402300 
-1.528566 4.547806 
2.052916 -2.884006 
-2.252782 2.792855 
0.165211 -4.878264 
-4.675804 -1.852937 
-5.264599 -1.071051 
4.625187 -0.886732 
-3.624263 -1.325026 
-4.676864 -1.303118 
-5.464538 0.990178 
-4.159228 -3.204386 
-3.067194 4.650112 
5.020367 -2.242836 
-1.546533 -3.103595 
-1.183762 -3.888476 
-2.514612 4.005528 
-4.780080 -1.642891 
3.178368 -4.152773 
4.945418 1.976126 
0.482009 4.627582 
-3.421770 -4.440338 
3.195401 4.015360 
-3.376025 3.383971 
1.435196 -3.861487 
-4.963161 0.943960 
-3.722260 0.906526 
4.270319 -0.251180 
3.658062 4.177296 
-2.166564 -4.388448 
0.077212 4.815140 
1.570034 3.131320 
-3.583014 2.473071 
0.653559 -4.410987 
-5.350883 1.490056 
-4.006751 0.912278 
1.909194 4.472682 
0.290375 3.373218 
2.987950 4.328595 
-0.144522 3.418013 
-0.350520 4.157332 
-4.015666 2.503704 
-0.934098 3.362504 
-3.225395 2.806328 
1.920761 3.517691 
1.058463 4.566184 
-0.068572 -4.039725 
-4.153194 1.629293 
4.428828 1.805821 
5.501498 -0.176469 
-2.308069 -3.622083 
-2.517668 4.884825 
-4.184185 -0.842121 
5.431637 1.163073 
2.473424 -3.131485 
3.584950 -3.272070 
2.313295 -3.555453 
-2.777919 3.160164 
-0.392964 4.401542 
-1.821104 -5.122147 
2.757552 4.331152 
3.774232 2.981614 
0.479069 3.636880 
-2.567402 -3.002760 
2.440383 2.349213 
2.666284 4.293456 
-4.736668 0.152002 
-4.291402 0.500606 
-0.491101 -4.301079 
5.184942 -0.831397 
-2.758592 3.904269 
4.879527 0.226911 
-3.543537 -1.981764 
-2.982934 2.214819 
-3.846243 2.270590 
1.513690 5.003850 
-3.464421 -1.607277 
-4.211899 -0.214013 
-3.264418 -3.040263 
-2.087553 -4.307051 
-0.925727 5.282577 
-0.266432 3.899851 
-0.434998 3.794046 
-1.703980 4.322527 
2.949007 2.550543 
1.944970 -4.204865 
-1.588193 -3.732480 
-0.784672 3.700539 
1.180575 4.694094 
2.707951 -4.077724 
-2.074186 -3.741673 
5.015064 -0.636480 
3.739032 0.612566 
4.500144 1.500392 
-3.301671 -3.454267 
-4.438852 3.248658 
2.336672 4.276772 
-4.063985 -1.515082 
4.969715 -1.099304 
5.228851 -0.899015 
3.158689 -3.460998 
1.071324 -4.591393 
-3.503704 -3.965701 
3.552158 2.087146 
1.322186 -3.535990 
3.689800 4.200314 
-4.270818 0.044950 
-0.951140 -3.564689 
5.143568 2.060215 
0.231804 5.223485 
-0.630766 -3.895061 
3.980928 2.637600 
-3.934126 -3.841724 
4.490468 -2.119962 
2.996061 2.344472 
-3.456175 -3.368236 
-3.963913 -1.825603 
-2.632711 -3.333640 
5.549006 -0.207669 
-1.980816 4.346659 
-2.375232 2.648455 
-3.199081 3.741971 
3.031942 3.251868 
4.159760 2.762346 
4.462848 2.647008 
1.146695 5.373783 
4.193544 0.143132 
3.654556 -1.351172 
-0.892861 -5.108024 
-3.648993 1.555004 
-1.711754 -4.907477 
-2.862188 -2.230358 
-3.539649 -0.013686 
1.798563 -4.542623 
0.204940 3.946739 
1.823919 -5.255079 
-3.017177 -2.687744 
2.420111 4.276276 
-1.395318 -5.212224 
2.083325 3.877831 
3.711642 3.918233 
-3.643076 -1.805308 
-1.640356 -3.062093 
4.156750 3.570548 
-5.339682 -1.556169 
-3.649315 1.143007 
-0.725598 5.486469 
0.593963 4.402854 
2.633624 -2.784579 
-2.635575 3.175860 
-3.539671 -0.772700 
2.220930 2.724931 
-2.434252 2.633228 
1.469703 4.100969 
-4.249007 -2.368192 
-3.039789 1.498684 
-0.617117 3.581685 
3.248774 -4.336098 
5.352904 0.414062 
0.066373 -3.560367 
2.606528 -2.385907 
-3.676851 -0.223720 
-4.603320 -1.887701 
-3.857581 3.179160 
-5.331415 1.171441 
0.731591 4.869979 
-4.607251 1.195534 
-2.041450 -4.570255 
-1.090629 5.030695 
-4.051478 -1.909940 
4.620656 -1.947068 
3.462889 1.993416 
0.208922 3.415202 
-2.198079 -4.895360 
0.277200 -4.736949 
2.962954 3.793736 
-2.632231 -2.538955 
0.334578 4.026031 
-1.891946 -4.452740 
4.153010 1.595278 
2.140031 -4.240722 
-4.945713 -1.423881 
4.747069 0.649332 
3.243544 -1.637192 
-0.933269 -3.275839 
1.501477 3.783281 
-1.346363 3.423146 
4.319192 -3.268418 
1.416341 4.950834 
3.640519 -2.095726 
-2.433224 2.478913 
-3.535581 -2.843660 
-3.867150 -3.282837 
-1.335084 5.080600 
-2.700725 -4.770423 
2.647936 3.944844 
3.939794 1.150386 
-4.107545 1.276032 
-2.697630 -3.666958 
-0.122391 -4.418069 
2.279146 -3.268386 
4.659077 -1.716593 
4.374726 -0.440929 
-3.021397 -3.189699 
-3.805281 2.411621 
-1.603093 -3.941125 
-0.733022 -3.627565 
3.093362 -4.202896 
2.130239 -4.843592 
1.307293 -5.003449 
0.389582 3.727967 
-0.540611 3.379753 
-2.530442 2.521382 
0.942865 -4.271984 
3.528243 1.815121 
-1.586889 3.536394 
1.538166 5.003578 
-2.501125 4.083161 
1.236389 -4.400227 
1.168647 -4.187161 
2.607768 -2.374111 
3.444616 -4.344616 
-2.462860 -4.786273 
3.182637 1.768565 
-5.094200 2.050923 
-0.219536 -3.458359 
-3.563684 3.375229 
1.667523 4.759022 
-2.566981 -4.937404 
-4.588920 -3.058029 
-0.828907 4.720084 
3.485873 -3.463521 
-0.873368 5.450543 
-1.692633 4.457664 
-4.519687 3.068340 
-3.309407 1.324019 
-0.884567 -5.469794 
-3.532118 0.227042 
4.717833 -1.608850 
2.897281 -3.078950 
1.846290 -2.902240 
-1.947294 -4.619981 
4.122456 1.972169 
-2.968291 2.662953 
-3.517636 -3.654244 
-5.022475 -0.192931 
1.851933 -3.106927 
-1.309966 4.364363 
2.553160 -4.622537 
3.701043 1.473998 
2.505241 3.436133 
0.754402 -4.948653 
-3.385469 -2.673517 
3.854642 -3.479994 
4.236031 2.008291 
1.776506 -3.864076 
-4.182221 2.800268 
0.979853 5.435139 
0.672765 -5.548362 
-1.054797 3.365545 
0.841361 -3.530749 
4.657727 -1.085643 
3.518595 1.361857 
-1.374768 -4.064502 
4.928800 -1.010125 
5.556737 0.183238 
-3.351424 4.485337 
-5.022316 1.630487 
4.520942 3.144065 
0.564689 4.324241 
4.947580 1.474248 
-5.484995 -0.363617 
-4.106738 -2.809301 
1.150917 3.587230 
-2.429444 -4.107130 
3.448013 -4.020418 
-1.491851 -4.410364 
-0.685332 -3.386964 
-0.047384 3.648047 
-2.309903 -2.984504 
-0.090997 5.120241 
1.151369 -3.730819 
-1.030455 -3.819531 
0.804983 5.531005 
-0.003616 -4.965888 
2.279155 4.728914 
5.206198 0.054434 
3.550646 4.131036 
2.009109 4.127764 
5.469628 0.400287 
-1.232948 -4.615700 
5.029216 -1.017551 
-2.494963 -3.349740 
-3.825803 1.882954 
3.139011 -2.295378 
-2.068673 3.272114 
-3.763715 2.738265 
3.910845 -3.679003 
2.714875 -2.524511 
4.312161 -2.856980 
-1.748115 -3.983734 
5.185274 -0.546846 
2.956500 -4.687195 
0.414509 -5.227385 
4.317310 -1.125511 
-5.251745 0.123268 
-4.246714 -2.431262 
4.717977 -2.812993 
-0.084128 4.629105 
1.410045 -4.140252 
-4.353031 1.661308 
-4.782076 -0.081513 
-2.980896 -4.567727 
-3.956750 3.478156 
0.979133 3.460890 
-1.393964 -3.872880 
4.167552 -2.238930 
2.911138 1.707040 
-3.468545 -1.949603 
-3.366595 4.335095 
-4.171646 -0.187986 
-3.670556 0.629990 
-2.961481 -4.011604 
2.496286 3.888970 
3.668572 0.580211 
1.300131 -3.870984 
0.300408 3.427559 
3.385776 0.058733 
-1.719519 4.889522 
3.467304 -3.842125 
-3.421685 -4.330958 
-1.888174 3.872652 
3.987828 -1.359811 
-2.820800 3.140091 
1.323042 -4.006010 
3.972406 -2.347585 
-0.097117 -4.667415 
1.092835 3.925567 
0.143088 4.089596 
2.295900 -3.677219 
2.168263 4.752164 
-3.552890 -0.399854 
-2.219798 2.992050 
-5.518016 0.587073 
-4.519990 0.828827 
-4.223987 1.642490 
-0.143068 4.336193 
-2.766734 -3.553542 
-5.100256 -0.988960 
-4.037235 3.089769 
-1.273240 -3.857546 
-3.557119 1.656269 
0.100993 -4.055184 
3.600317 -2.081112 
-3.406552 -3.358308 
1.928613 -4.598898 
-1.279427 5.275224 
-5.307630 0.045146 
-4.764382 0.735433 
-3.834167 -3.658838 
4.645867 2.939477 
-2.878579 3.686290 
1.892370 -4.573313 
2.366001 -3.072852 
-4.183180 -2.992174 
-1.278279 4.721933 
3.708058 -4.171915 
-1.788720 -4.022329 
-1.950760 -4.181274 
2.494422 4.736518 
3.821202 3.559870 
-4.234297 -0.070956 
-3.158510 -3.132417 
1.665073 3.960908 
-4.980404 -2.025612 
3.438299 -1.157119 
-0.291078 5.001902 
-2.804223 2.421873 
2.771617 -2.129209 
-3.953702 -3.902078 
2.581042 -4.796687 
3.004418 2.503682 
-3.291375 -4.364170 
-3.225361 1.144708 
5.373898 -0.598391 
3.587343 -2.945109 
-2.674346 -3.971363 
-1.923644 5.251091 
-2.677390 4.699147 
3.038009 -2.584057 
-4.102453 -1.296362 
1.036518 4.253865 
-4.073571 -1.129234 
-2.656563 4.776029 
5.119566 -1.429611 
-2.913906 3.559766 
3.530838 -3.267290 
-0.090741 -3.752265 
0.013581 4.284710 
-0.898958 -3.425692 
4.624443 2.122050 
3.303919 2.134652 
0.453046 3.845141 
-4.621882 0.894209 
3.042000 -4.585928 
5.165684 -0.853619 
-0.487161 -3.995648 
-0.701400 -4.446432 
2.636348 -3.396139 
3.491092 -2.849614 
-2.210245 3.922276 
-1.946991 -3.482474 
2.446728 3.347552 
-2.583726 2.589733 
-4.235767 2.485272 
-2.341684 -3.258692 
-1.897447 4.835198 
-3.957016 -2.059380 
0.150326 -4.725805 
4.184888 -1.960900 
-3.080366 -3.041074 
3.780577 -1.343388 
2.073380 3.143479 
-3.043256 2.495357 
-0.039198 5.532218 
1.378520 -3.627190 
4.163454 3.139035 
4.176226 2.306042 
3.765623 -2.900237 
-3.997292 -1.683441 
3.828149 -0.821435 
-1.617041 4.147736 
3.835352 -0.604079 
3.379459 3.335710 
-0.838313 4.019580 
-0.224001 -4.764574 
-5.461663 0.573866 
-4.390307 2.810514 
1.947051 -3.592350 
-3.210139 -2.549726 
-2.809261 4.646694 
1.916787 -5.111523 
-3.221669 4.054569 
2.058518 -3.535690 
0.058841 3.667961 
2.714523 4.179934 
-3.710758 1.124476 
-1.609919 -4.193615 
-3.105708 3.744380 
-3.501877 1.277892 
2.325219 -3.798864 
1.326247 5.410545 
4.016275 -2.402600 
-1.942814 -5.145016 
1.179017 5.042794 
4.006619 1.376049 
1.413769 4.903402 
3.418030 4.171019 
-3.041669 -1.661372 
-3.392174 0.953300 
5.054807 -1.534070 
1.863966 3.207217 
3.032347 3.095033 
4.942200 2.351899 
-2.800055 4.110263 
3.587860 0.984872 
-3.720045 -1.822769 
2.432452 -4.197606 
4.094966 1.849963 
1.660837 3.505830 
-3.032420 -2.971331 
-1.598479 -4.298361 
5.499151 0.152586 
-4.516090 -2.104177 
-0.016147 -4.935789 
-2.539906 2.221010 
0.546262 4.412403 
-2.983614 3.350209 
0.238806 -3.647420 
2.152465 5.113561 
0.977454 3.796992 
-4.245231 -2.691004 
-3.564482 -1.400092 
1.838147 3.712826 
1.772154 4.854518 
3.775466 0.950288 
4.614284 -2.779215 
0.942621 3.742502 
3.960822 -1.297278 
-5.465281 0.858851 
3.167357 -3.138092 
-3.091893 -4.116234 
2.775552 4.066564 
3.034115 -4.183404 
-1.762147 -4.170403 
3.558962 -2.266307 
1.710287 -5.187834 
0.547634 5.212070 
1.854580 -3.356712 
-4.785434 1.128087 
1.088914 3.442820 
3.087585 3.052273 
2.950740 -2.228902 
-1.625931 4.049728 
-3.828173 -1.993236 
4.706984 2.957494 
-3.034616 4.601579 
3.673531 1.516609 
4.845005 1.941490 
-3.085578 -3.814487 
-3.903517 -2.211936 
2.535862 -2.639900 
1.579536 5.214280 
2.516155 4.380046 
5.338031 -1.005120 
3.524209 -0.587325 
-0.395193 4.349542 
4.593416 1.920831 
1.543652 -4.328174 
4.666818 1.473783 
4.263687 3.462000 
2.089985 4.218384 
2.599721 2.859771 
1.078505 -3.686267 
-1.137031 3.938515 
4.314533 -2.544657 
4.622593 -0.242002 
3.595346 -0.655707 
0.256470 -3.937739 
-4.723727 2.055930 
2.331587 -3.788676 
-2.687411 -2.437319 
-5.278689 0.227373 
1.900378 -3.329488 
0.981015 -4.990023 
-3.644708 -0.445164 
3.796686 2.500290 
-3.816293 1.385751 
-2.020831 -4.041566 
1.511572 -3.058702 
4.567355 -2.540516 
2.319924 -4.817012 
-4.460823 2.215051 
5.201503 -1.017014 
-3.905673 -3.522277 
-0.229356 -5.190109 
-3.027794 -3.807963 
3.825572 -1.061042 
2.508317 -2.923838 
-3.929465 -3.489178 
2.869544 -3.366352 
-2.138290 3.001377 
1.968907 -5.101585 
-3.132219 2.853539 
4.637911 1.051962 
4.644976 1.081614 
-2.524437 4.709845 
0.354139 3.902344 
4.603292 1.566751 
4.422973 3.004102 
-1.286268 -5.412623 
2.561422 -3.213084 
0.832979 4.392780 
3.667848 -2.597175 
-2.347022 -3.180727 
-1.179950 -4.131308 
-1.755195 -3.648353 
3.723507 0.746098 
3.401049 -0.330451 
-3.717988 -1.324834 
-2.293044 -2.676609 
-2.887544 4.171154 
-1.961959 4.792254 
2.135266 3.986709 
-4.062090 3.140404 
2.836822 -2.796452 
3.626302 -3.118579 
3.356495 1.071959 
2.647271 3.508870 
-4.212485 0.387796 
-4.885498 -1.689345 
4.123501 -1.424902 
5.100218 -0.906178 
-2.658188 4.055090 
-3.780262 -3.430972 
-4.044744 -1.913448 
-5.085785 1.948026 
-3.437548 0.229128 
3.142312 -2.772668 
2.160443 -3.874806 
1.812234 -4.002471 
-2.300039 -2.650069 
1.194846 4.215315 
-3.794039 -0.644762 
3.446747 -0.157684 
5.133932 1.708346 
3.235625 -3.139201 
2.750021 2.564676 
3.275762 2.489933 
1.941820 4.151106 
5.134702 -1.727032 
-0.787590 4.777453 
2.401183 -4.985408 
4.166490 2.246577 
0.799776 4.838304 
4.141661 2.294228 
-0.846457 5.099076 
-3.519200 3.230820 
2.444936 -3.579428 
4.307091 -3.475533 
2.769968 4.212668 
2.349715 4.958885 
0.712292 -3.817780 
-4.898352 -0.730715 
5.212763 -1.352226 
-5.239148 1.202734 
1.225765 5.168036 
0.809246 -4.785840 
-4.524883 -1.070665 
-4.296578 0.724552 
2.947198 -1.696422 
-0.022821 -3.660802 
-2.441128 -2.506951 
-4.982481 1.671255 
-1.349143 3.136826 
3.618416 -2.643894 
4.694199 1.437081 
2.933743 3.373690 
-4.310287 2.540813 
-2.596255 -4.710923 
5.035056 -1.925879 
4.554286 0.103796 
-3.127548 -2.368856 
-3.213325 3.882702 
-3.412527 3.291567 
-3.870031 1.538723 
-2.966342 3.850225 
2.932996 3.390758 
4.939386 2.283698 
2.490665 4.529473 
4.335934 -0.528820 
-4.193417 -1.064576 
-4.399217 0.777343 
3.644219 1.942074 
-1.866607 4.374974 
3.077769 3.405585 
4.890731 -0.438811 
4.868577 -0.817121 
-2.871875 -2.429019 
-2.989302 -3.024802 
5.018392 -1.430443 
0.350037 4.443343 
-3.740076 2.719946 
-2.491779 4.163681 
-2.704671 -2.018458 
0.585460 -5.024233 
2.781927 4.229237 
2.598197 2.763544 
3.771245 1.920175 
-4.751917 -2.566841 
-3.473585 0.924255 
3.905759 -2.831783 
0.345847 4.101422 
-4.001826 -1.885708 
-1.340613 -4.990295 
0.251334 -3.569197 
-4.171004 -1.354318 
4.723024 2.436242 
-0.804389 4.261286 
-3.129383 -2.558064 
-2.839409 -4.435439 
-2.809726 -3.110328 
3.650980 -3.752905 
2.860379 -2.081015 
4.909242 0.227690 
2.852668 -3.404875 
2.473469 -3.236567 
5.249636 -1.973015 
4.478385 -1.140949 
0.966580 5.091855 
3.492658 2.747596 
-2.984820 -4.467070 
2.203665 3.834823 
3.780908 -0.760409 
4.501403 1.694164 
4.221331 -0.045618 
4.483162 2.921077 
-0.524097 3.659981 
-3.563939 -4.183029 
-4.781256 -0.034948 
